 0.1 1 10 25 25
 0.1 1 10 50 25
 0.1 1 10 100 25
 0.1 1 20 25 25
 0.1 1 20 50 25
 0.1 1 20 100 25
 0.1 1 30 25 25
 0.1 1 30 50 25
 0.1 1 30 100 25
 0.1 1 40 25 25
 0.1 1 40 50 25
 0.1 1 40 100 25
 0.1 1 50 25 25
 0.1 1 50 50 25
 0.1 1 50 100 25
 0.1 1.25 10 25 25
 0.1 1.25 10 50 25
 0.1 1.25 10 100 25
 0.1 1.25 20 25 25
 0.1 1.25 20 50 25
 0.1 1.25 20 100 25
 0.1 1.25 30 25 25
 0.1 1.25 30 50 25
 0.1 1.25 30 100 25
 0.1 1.25 40 25 25
 0.1 1.25 40 50 25
 0.1 1.25 40 100 25
 0.1 1.25 50 25 25
 0.1 1.25 50 50 25
 0.1 1.25 50 100 25
 0.1 1.5 10 25 25
 0.1 1.5 10 50 25
 0.1 1.5 10 100 25
 0.1 1.5 20 25 25
 0.1 1.5 20 50 25
 0.1 1.5 20 100 25
 0.1 1.5 30 25 25
 0.1 1.5 30 50 25
 0.1 1.5 30 100 25
 0.1 1.5 40 25 25
 0.1 1.5 40 50 25
 0.1 1.5 40 100 25
 0.1 1.5 50 25 25
 0.1 1.5 50 50 25
 0.1 1.5 50 100 25
 0.5 1 10 25 25
 0.5 1 10 50 25
 0.5 1 10 100 25
 0.5 1 20 25 25
 0.5 1 20 50 25
 0.5 1 20 100 25
 0.5 1 30 25 25
 0.5 1 30 50 25
 0.5 1 30 100 25
 0.5 1 40 25 25
 0.5 1 40 50 25
 0.5 1 40 100 25
 0.5 1 50 25 25
 0.5 1 50 50 25
 0.5 1 50 100 25
 0.5 1.25 10 25 25
 0.5 1.25 10 50 25
 0.5 1.25 10 100 25
 0.5 1.25 20 25 25
 0.5 1.25 20 50 25
 0.5 1.25 20 100 25
 0.5 1.25 30 25 25
 0.5 1.25 30 50 25
 0.5 1.25 30 100 25
 0.5 1.25 40 25 25
 0.5 1.25 40 50 25
 0.5 1.25 40 100 25
 0.5 1.25 50 25 25
 0.5 1.25 50 50 25
 0.5 1.25 50 100 25
 0.5 1.5 10 25 25
 0.5 1.5 10 50 25
 0.5 1.5 10 100 25
 0.5 1.5 20 25 25
 0.5 1.5 20 50 25
 0.5 1.5 20 100 25
 0.5 1.5 30 25 25
 0.5 1.5 30 50 25
 0.5 1.5 30 100 25
 0.5 1.5 40 25 25
 0.5 1.5 40 50 25
 0.5 1.5 40 100 25
 0.5 1.5 50 25 25
 0.5 1.5 50 50 25
 0.5 1.5 50 100 25
 0.9 1 10 25 25
 0.9 1 10 50 25
 0.9 1 10 100 25
 0.9 1 20 25 25
 0.9 1 20 50 25
 0.9 1 20 100 25
 0.9 1 30 25 25
 0.9 1 30 50 25
 0.9 1 30 100 25
 0.9 1 40 25 25
 0.9 1 40 50 25
 0.9 1 40 100 25
 0.9 1 50 25 25
 0.9 1 50 50 25
 0.9 1 50 100 25
 0.9 1.25 10 25 25
 0.9 1.25 10 50 25
 0.9 1.25 10 100 25
 0.9 1.25 20 25 25
 0.9 1.25 20 50 25
 0.9 1.25 20 100 25
 0.9 1.25 30 25 25
 0.9 1.25 30 50 25
 0.9 1.25 30 100 25
 0.9 1.25 40 25 25
 0.9 1.25 40 50 25
 0.9 1.25 40 100 25
 0.9 1.25 50 25 25
 0.9 1.25 50 50 25
 0.9 1.25 50 100 25
 0.9 1.5 10 25 25
 0.9 1.5 10 50 25
 0.9 1.5 10 100 25
 0.9 1.5 20 25 25
 0.9 1.5 20 50 25
 0.9 1.5 20 100 25
 0.9 1.5 30 25 25
 0.9 1.5 30 50 25
 0.9 1.5 30 100 25
 0.9 1.5 40 25 25
 0.9 1.5 40 50 25
 0.9 1.5 40 100 25
 0.9 1.5 50 25 25
 0.9 1.5 50 50 25
 0.9 1.5 50 100 25
 0.1 1 10 25 50
 0.1 1 10 50 50
 0.1 1 10 100 50
 0.1 1 20 25 50
 0.1 1 20 50 50
 0.1 1 20 100 50
 0.1 1 30 25 50
 0.1 1 30 50 50
 0.1 1 30 100 50
 0.1 1 40 25 50
 0.1 1 40 50 50
 0.1 1 40 100 50
 0.1 1 50 25 50
 0.1 1 50 50 50
 0.1 1 50 100 50
 0.1 1.25 10 25 50
 0.1 1.25 10 50 50
 0.1 1.25 10 100 50
 0.1 1.25 20 25 50
 0.1 1.25 20 50 50
 0.1 1.25 20 100 50
 0.1 1.25 30 25 50
 0.1 1.25 30 50 50
 0.1 1.25 30 100 50
 0.1 1.25 40 25 50
 0.1 1.25 40 50 50
 0.1 1.25 40 100 50
 0.1 1.25 50 25 50
 0.1 1.25 50 50 50
 0.1 1.25 50 100 50
 0.1 1.5 10 25 50
 0.1 1.5 10 50 50
 0.1 1.5 10 100 50
 0.1 1.5 20 25 50
 0.1 1.5 20 50 50
 0.1 1.5 20 100 50
 0.1 1.5 30 25 50
 0.1 1.5 30 50 50
 0.1 1.5 30 100 50
 0.1 1.5 40 25 50
 0.1 1.5 40 50 50
 0.1 1.5 40 100 50
 0.1 1.5 50 25 50
 0.1 1.5 50 50 50
 0.1 1.5 50 100 50
 0.5 1 10 25 50
 0.5 1 10 50 50
 0.5 1 10 100 50
 0.5 1 20 25 50
 0.5 1 20 50 50
 0.5 1 20 100 50
 0.5 1 30 25 50
 0.5 1 30 50 50
 0.5 1 30 100 50
 0.5 1 40 25 50
 0.5 1 40 50 50
 0.5 1 40 100 50
 0.5 1 50 25 50
 0.5 1 50 50 50
 0.5 1 50 100 50
 0.5 1.25 10 25 50
 0.5 1.25 10 50 50
 0.5 1.25 10 100 50
 0.5 1.25 20 25 50
 0.5 1.25 20 50 50
 0.5 1.25 20 100 50
 0.5 1.25 30 25 50
 0.5 1.25 30 50 50
 0.5 1.25 30 100 50
 0.5 1.25 40 25 50
 0.5 1.25 40 50 50
 0.5 1.25 40 100 50
 0.5 1.25 50 25 50
 0.5 1.25 50 50 50
 0.5 1.25 50 100 50
 0.5 1.5 10 25 50
 0.5 1.5 10 50 50
 0.5 1.5 10 100 50
 0.5 1.5 20 25 50
 0.5 1.5 20 50 50
 0.5 1.5 20 100 50
 0.5 1.5 30 25 50
 0.5 1.5 30 50 50
 0.5 1.5 30 100 50
 0.5 1.5 40 25 50
 0.5 1.5 40 50 50
 0.5 1.5 40 100 50
 0.5 1.5 50 25 50
 0.5 1.5 50 50 50
 0.5 1.5 50 100 50
 0.9 1 10 25 50
 0.9 1 10 50 50
 0.9 1 10 100 50
 0.9 1 20 25 50
 0.9 1 20 50 50
 0.9 1 20 100 50
 0.9 1 30 25 50
 0.9 1 30 50 50
 0.9 1 30 100 50
 0.9 1 40 25 50
 0.9 1 40 50 50
 0.9 1 40 100 50
 0.9 1 50 25 50
 0.9 1 50 50 50
 0.9 1 50 100 50
 0.9 1.25 10 25 50
 0.9 1.25 10 50 50
 0.9 1.25 10 100 50
 0.9 1.25 20 25 50
 0.9 1.25 20 50 50
 0.9 1.25 20 100 50
 0.9 1.25 30 25 50
 0.9 1.25 30 50 50
 0.9 1.25 30 100 50
 0.9 1.25 40 25 50
 0.9 1.25 40 50 50
 0.9 1.25 40 100 50
 0.9 1.25 50 25 50
 0.9 1.25 50 50 50
 0.9 1.25 50 100 50
 0.9 1.5 10 25 50
 0.9 1.5 10 50 50
 0.9 1.5 10 100 50
 0.9 1.5 20 25 50
 0.9 1.5 20 50 50
 0.9 1.5 20 100 50
 0.9 1.5 30 25 50
 0.9 1.5 30 50 50
 0.9 1.5 30 100 50
 0.9 1.5 40 25 50
 0.9 1.5 40 50 50
 0.9 1.5 40 100 50
 0.9 1.5 50 25 50
 0.9 1.5 50 50 50
 0.9 1.5 50 100 50
 0.1 1 10 25 100
 0.1 1 10 50 100
 0.1 1 10 100 100
 0.1 1 20 25 100
 0.1 1 20 50 100
 0.1 1 20 100 100
 0.1 1 30 25 100
 0.1 1 30 50 100
 0.1 1 30 100 100
 0.1 1 40 25 100
 0.1 1 40 50 100
 0.1 1 40 100 100
 0.1 1 50 25 100
 0.1 1 50 50 100
 0.1 1 50 100 100
 0.1 1.25 10 25 100
 0.1 1.25 10 50 100
 0.1 1.25 10 100 100
 0.1 1.25 20 25 100
 0.1 1.25 20 50 100
 0.1 1.25 20 100 100
 0.1 1.25 30 25 100
 0.1 1.25 30 50 100
 0.1 1.25 30 100 100
 0.1 1.25 40 25 100
 0.1 1.25 40 50 100
 0.1 1.25 40 100 100
 0.1 1.25 50 25 100
 0.1 1.25 50 50 100
 0.1 1.25 50 100 100
 0.1 1.5 10 25 100
 0.1 1.5 10 50 100
 0.1 1.5 10 100 100
 0.1 1.5 20 25 100
 0.1 1.5 20 50 100
 0.1 1.5 20 100 100
 0.1 1.5 30 25 100
 0.1 1.5 30 50 100
 0.1 1.5 30 100 100
 0.1 1.5 40 25 100
 0.1 1.5 40 50 100
 0.1 1.5 40 100 100
 0.1 1.5 50 25 100
 0.1 1.5 50 50 100
 0.1 1.5 50 100 100
 0.5 1 10 25 100
 0.5 1 10 50 100
 0.5 1 10 100 100
 0.5 1 20 25 100
 0.5 1 20 50 100
 0.5 1 20 100 100
 0.5 1 30 25 100
 0.5 1 30 50 100
 0.5 1 30 100 100
 0.5 1 40 25 100
 0.5 1 40 50 100
 0.5 1 40 100 100
 0.5 1 50 25 100
 0.5 1 50 50 100
 0.5 1 50 100 100
 0.5 1.25 10 25 100
 0.5 1.25 10 50 100
 0.5 1.25 10 100 100
 0.5 1.25 20 25 100
 0.5 1.25 20 50 100
 0.5 1.25 20 100 100
 0.5 1.25 30 25 100
 0.5 1.25 30 50 100
 0.5 1.25 30 100 100
 0.5 1.25 40 25 100
 0.5 1.25 40 50 100
 0.5 1.25 40 100 100
 0.5 1.25 50 25 100
 0.5 1.25 50 50 100
 0.5 1.25 50 100 100
 0.5 1.5 10 25 100
 0.5 1.5 10 50 100
 0.5 1.5 10 100 100
 0.5 1.5 20 25 100
 0.5 1.5 20 50 100
 0.5 1.5 20 100 100
 0.5 1.5 30 25 100
 0.5 1.5 30 50 100
 0.5 1.5 30 100 100
 0.5 1.5 40 25 100
 0.5 1.5 40 50 100
 0.5 1.5 40 100 100
 0.5 1.5 50 25 100
 0.5 1.5 50 50 100
 0.5 1.5 50 100 100
 0.9 1 10 25 100
 0.9 1 10 50 100
 0.9 1 10 100 100
 0.9 1 20 25 100
 0.9 1 20 50 100
 0.9 1 20 100 100
 0.9 1 30 25 100
 0.9 1 30 50 100
 0.9 1 30 100 100
 0.9 1 40 25 100
 0.9 1 40 50 100
 0.9 1 40 100 100
 0.9 1 50 25 100
 0.9 1 50 50 100
 0.9 1 50 100 100
 0.9 1.25 10 25 100
 0.9 1.25 10 50 100
 0.9 1.25 10 100 100
 0.9 1.25 20 25 100
 0.9 1.25 20 50 100
 0.9 1.25 20 100 100
 0.9 1.25 30 25 100
 0.9 1.25 30 50 100
 0.9 1.25 30 100 100
 0.9 1.25 40 25 100
 0.9 1.25 40 50 100
 0.9 1.25 40 100 100
 0.9 1.25 50 25 100
 0.9 1.25 50 50 100
 0.9 1.25 50 100 100
 0.9 1.5 10 25 100
 0.9 1.5 10 50 100
 0.9 1.5 10 100 100
 0.9 1.5 20 25 100
 0.9 1.5 20 50 100
 0.9 1.5 20 100 100
 0.9 1.5 30 25 100
 0.9 1.5 30 50 100
 0.9 1.5 30 100 100
 0.9 1.5 40 25 100
 0.9 1.5 40 50 100
 0.9 1.5 40 100 100
 0.9 1.5 50 25 100
 0.9 1.5 50 50 100
 0.9 1.5 50 100 100
